39415.00223603107
483.2428375517532
892.2880261390342
105.42480280328847
2001.3133321827947
7617.481827604066
7877.599729552846
18705.14851131719
24500.472966514866
13037.989945875843
5986.669722575749
32619.078577784698
33374.6198326358
30396.972312659786
8963.499669858453
4608.577582972521
31886.602672973793
15965.58322895499
7997.76512645902
15945.862723858345
18130.730421569668
16264.632756954132
3554.9014873274054
1700.7424573733729
10879.360744625375
17886.79963682044
30331.96912776875
10670.685068003091
37217.937041634446
23549.194096643365
13993.956881603757
13503.996498938704
19201.860111174512
14195.882442057171
4290.910860117807
20067.04191020708
27058.928620649625
25453.26135055887
30733.888195728126
40186.539310797365
33407.81566647904
31312.80865228788
9732.846408540574
11842.98170832545
11321.336784623227
10764.25220279293
3154.9513195614422
613.7419755673588
6566.082293760455
16375.963678499471
28718.435045080125
13560.622288236274
29281.577884904465
4503.037347857383
20658.526409325517
39668.57053413424
3591.8592363120842
3409.9472071819246
17496.040058280316
9116.693705000158
19610.97581753009
17356.29769967703
13273.672622166509
15649.302739908386
14329.009906884921
13867.975267689959
13944.46713688364
14462.048290339682
16283.83101113005
1459.8452636995887
35648.65930384149
27800.627452315894
27421.931752186127
21877.15728720633
17323.20527874367
17821.757818861654
23477.53216973355
28028.462136777183
9480.901385062709
897.0059202298884
29136.39976052426
10775.622542207804
10900.2009257854
6633.77450130618
8230.099362385803
22234.71430106046
6103.884158016066
5344.053789322641
6274.5920506738885
19715.139585825375
43713.6899803571
11937.662679457791
23270.07592952039
13002.128314038588
18137.6313865715
13153.064432327132
11970.79130556271
4087.661222430955
4510.0172100754435
11962.88966608608
9268.990618635335
12133.758420378903
654.6665750417751
1485.2881483793517
9820.402490588085
6597.92553444213
7109.688828597861
2818.333553645508
3421.8608133164153
2663.554756542362
23363.607345694316
2505.2452213141655
738.111854567664
453.73446833213836
1209.0767512732634
2448.589653345421
116.90016558267824
1029.1645482629394
490.58603210644344
1481.1164558153712
2702.881310642447
1431.2678514147738
43443.680042682725
41816.784294115256
24126.003202799195
23339.771893820645
3434.8375290063245
10613.64710603218
16663.181177641207
10422.148610327373
21823.42285115312
12638.057862670883
4829.200401783081
6454.961864199027
14554.088196449255
11840.982117816466
25836.168011524565
11268.70437985825
497.9419335335079
1107.903986382311
1540.292892458224
1135.9729030943504
17624.184145376264
48501.47231513421
3401.517174385298
13940.694432495106
37507.00101369158
17102.05357088233
23549.102176678607
22089.510083511064
103.84071880446356
1234.4000598516295
1226.1039016175678
2193.5626535779897
3149.054823209334
6057.622854070888
170.88224071343626
1031.7088068810733
1355.1664923293665
4027.090249692394
2392.178109367923
508.43191575924305
4151.359625721794
559.4636201240887
17411.924313119096
6654.689035924572
11861.367557332567
14733.838528101734
8435.057686630053
17114.62585848812
9654.937042580308
30377.94836846875
36874.28001521763
13651.377746020464
28485.962028247042
18734.546968939794
17389.25136494214
23872.12544558014
5575.633649828514
9398.8530312043
15532.712817247617
221.4761398039271
707.8777234579221
516.4187098201553
1424.9624735433513
1581.9087335451572
1731.4969829448269
608.4816977357119
3324.8706572856863
1725.7365110130297
90.0524261826467
1555.6031194225834
1445.145995555663
3424.4141781519925
94.79833417767385
17210.33511074937
7240.399858240774
4273.965747440157
3777.983674608831
14250.11507534179
13362.246372281867
9087.015472226278
31067.09629836675
6889.149635223622
8638.990418210478
373.39148929311466
463.50803770720245
808.879947112499
1872.1865724159156
19689.851564790293
17323.009472199454
20369.913332974316
6635.462128757637
1608.0160301138367
278.62593907605526
1397.9027736698918
23536.76352552583
11019.394948904814
31267.556331185107
27114.85401999684
33847.018275229995
7693.597676375294
12556.286478605032
14178.526924652953
2706.249160955498
135.41887014625826
96.94393749395368
7549.351138511334
19422.257080071184
6638.296838836277
5095.0335340509955
12426.9117772679
22503.67044050733
22177.33810198584
13002.445207576124
19648.49353564429
41522.219155323066
44262.48283846712
43153.0054405044
10567.65536226841
395.97281389941827
2057.3319415794444
1205.7424276160818
1662.211077732977
12677.82217638842
3827.904293844542
444.4802467120218
1615.5378493530575
754.4472933871295
947.2142581982444
2509.226551976577
766.6594511486622
2294.5392650520125
476.9571275459849
1370.0680818207059
1031.4838005338986
2311.954528994719
1592.2192864431267
1499.6551978167636
17984.44868076634
6313.028741761619
10562.731586576512
35143.64125130233
29016.073903597106
9637.722931910586
34447.236966948774
2234.1690340991163
36012.00716765913
32901.252461613476
6766.9993741603785
1196.1342090777414
15981.82688071904
7571.2223975539855
3359.6086335081363
14392.238634667397
17714.620074327246
17124.03473624462
8995.402225333391
8207.905292102692
25045.119975164165
23843.7757311293
18848.40038532976
7591.286353943709
16743.58224631288
17214.047585448454
26917.16767345012
27805.95300283921
8292.336536892473
9025.306942604424
7420.059190012634
26847.612257506407
8178.644687525533
11876.160268314812
13219.689889705967
10242.719789436798
19368.472387440477
16779.431443876023
25199.755772020053
25711.95574449115
11363.843611776965
10604.962011521427
16989.49187347129
18198.173333871466
15124.725904882458
10365.364694030346
9618.713193816491
9712.563471233425
3575.8937113097686
3462.606715097319
37709.530970160195
2464.821852150464
570.5017830535079
424.51442652383463
1033.2807125932393
813.6717619956372
447.02854493311986
2148.2480282389506
29127.573190757823
1828.702965559234
19032.499050872248
6693.323170389858
7770.6205276150295
14000.657819184942
18169.208616949018
18035.03669667196
19984.14927168972
11846.467251613883
35119.407967497275
2281.990528613189
8309.117230998569
3748.0248214786675
2844.2464297707115
11784.623269601392
12801.588946317219
8636.354431676042
391.48227812653465
1018.4316694339668
1340.515646615866
125.33496483962911
15252.344388359115
41895.13266300621
34808.882361061005
6933.802418356387
22931.624485666674
5705.22875942503
26099.649646718895
17189.159745623423
11568.515515412782
9719.905616944807
10935.485491133017
5033.119705928666
13772.442828192337
4085.301791110715
27743.34789761466
31228.345036911152
11088.013936399075
32358.80091621309
12635.53057440778
13465.70800004243
19577.699344673692
3529.5311587947926
15459.769707734029
14904.143401995008
12361.572897362963
2796.400695410363
6269.703431084972
12143.763565905894
2554.7626342526037
3101.4771772076556
35632.49531551631
43264.13646773216
1203.997186271667
2358.088273174943
6167.897186236486
5430.284311412851
724.8511823427923
28777.468947840884
14404.182904714473
12683.726351589079
13674.838371208778
36369.740717373046
4028.9488403248433
21850.578355960173
21813.31962670164
11175.377142056746
8051.76518120021
835.8596655925858
1665.7261324022984
2078.356027313727
3589.162337102321
334.2259496940299
2682.2582438451445
181.94560114561963
712.8176214357399
2665.9561491362515
1521.789210030412
1225.204897457656
1163.059522797107
2096.392066061011
2696.9310537769443
1023.4857197554214
2186.428880164115
389.2130302896617
490.99785482304725
2758.6856186155583
1883.8833577625517
7767.539985657625
34740.32131331472
16647.155396247377
3339.3255299897355
24806.012243878966
31666.075635562247
9276.334707519463
6461.868589192149
8337.192853429973
10951.088134318743
8878.52276535676
22652.897459351134
21416.987259906775
19260.42024841772
12150.745619458718
3501.099765704505
1081.0623799644277
937.3128350749945
5414.424114388856
15446.565896451406
1455.3486845280959
791.2845145754077
1515.2902852082464
2276.434545519705
1162.2237473858684
1100.3591188041478
16617.723799128315
5247.459046176113
6676.977227392802
11008.47037970283
29491.54370845065
8749.020688531802
42467.18505668058
35619.81464733411
35715.26128573188
1318.2809023874308
20666.68397786411
31201.985451535
28843.40644392906
46477.295904431325
46967.00726500504
10881.625028127273
9954.638219176584
11922.741963845201
32497.048038156976
10824.559367708722
11612.185495992539
10077.083919462713
3732.5113054743665
9822.302094552346
19668.43993678529
17993.593514010787
8826.10839372462
9679.296788324225
29150.92050372873
5937.163170104194
9858.693699087014
13776.971268292365
9423.179118671826
6899.810193114362
13003.92899687919
25654.773835751337
12144.108433833782
26584.075980389152
13192.863215831463
17215.560091667092
11979.292578298588
8329.571365674254
31747.042059700434
12586.558300178209
18394.969910705764
57129.17279942641
7599.0076874932465
8398.338761793984
374.830084388369
452.12252867226374
34100.90600272802
34724.48671317596
32676.42475123516
18944.629026100985
68833.9746788471
18690.541960558185
19661.614666688634
21599.60147096392
6211.631289605542
22366.721284420106
562.0604642768309
1858.7319703183764
296.55400593512945
1025.0900837574738
1500.4151567350586
296.7944157319789
566.8317317884157
780.3535211466693
3617.427848211874
1116.0339459355962
46574.50225493136
7206.213788318073
8214.730682197063
10299.168207317178
26826.148909385924
13950.439594694575
102906.02762956463
98147.71799349424
17828.09727322574
19409.86860278067
33104.15634477126
54969.29736340984
31772.989831025072
30096.10950531176
57482.6862835516
14562.045529242661
15346.561686887815
37807.29779606393
39774.0104687648
30975.097486893275
9128.639454737642
10660.050307829795
458.27132177596417
2443.173736628123
1019.479677064711
4145.322974104262
465.8250074225985
1167.2688055824062
938.351984078864
184.3834801886298
1630.9491365813594
25788.762847310754
70948.02179307226
1723.5185300529529
9335.558071863024
18714.713033349246
23586.00546908791
3177.7039983376244
27635.48404212076
63942.637519033924
10577.797302007099
69015.75006739044
43713.39166932864
6955.57099521149
14999.116942328166
6623.17641921299
5163.969289699872
36361.83339881595
9505.864932921831
11130.319141223017
62672.02898731281
56862.06052583482
22367.483265758543
18998.60096928666
8352.49283009546
42008.18159645005
234.51596131560913
1474.7908908959057
2719.527197560105
188.373071651895
2781.917514474869
9790.312734709469
61783.599288295365
62483.768385270516
18002.858521371727
6025.728282983618
9761.200725168179
23102.874835702285
45652.84621329479
28605.589019521798
36901.889394802136
32580.36734121255
16854.744330369133
24295.421841899217
20770.541675607783
23083.877952287683
6468.612417539084
13406.075907287444
73790.55608247592
6588.378325790123
17989.461052310544
5343.317421155425
8688.598210414644
26432.009248434544
14477.775990455117
12651.008611620853
15873.604303931948
34121.46580057627
3362.3548050290738
1059.1150339912083
919.0325063313377
2211.2836357284505
2835.435135009387
20081.725651059478
29805.416182329624
38502.28744562552
20329.271106491626
5589.282366588076
36707.485157553
15962.252580000913
14571.99363881425
38808.9506604068
62513.926935036325
1520.3741268026517
552.7464827320405
12861.457024097273
105174.35445797876
2499.0969598720576
5941.377261035184
2837.4349939378076
12847.60370818697
14113.389755516191
12487.676708823503
85.71554187983921
1593.3056421465437
944.6651877137868
2120.363910272789
580.9566694419622
31253.667029774348
58218.967829982554
1952.8582521003004
39337.16279301386
44811.288693131304
5721.105831809203
62328.5883926533
25386.321094752348
12217.411316338652
26317.76767752925
30687.79183525853
19156.916187116192
2280.1752142018186
24609.527769638586
26909.773745330844
2514.7016194363314
2727.719726163753
18601.8888916594
5273.660982947678
8819.563988533739
8936.419345697452
23539.40733275479
20385.09910181704
91954.75552926234
17169.295513084282
23424.364120341903
60234.987728749154
3983.881455146466
16419.548200772868
169.99435631204574
33152.35317144648
5108.557091543963
807.0588427913485
1705.7097116128216
23580.341363198873
23164.402271883286
114465.59929568296
19331.235817004424
19885.124917040168
6649.252480100047
21905.595441430534
5205.513419447669
4102.286998894237
20284.516988253188
10617.607712180825
8952.556861887604
9870.89977204685
16477.930712842433
46367.31284496066
45453.87166918028
42910.74090958058
23831.846376193273
17824.80747436434
24524.841185345518
17884.961725225356
17477.99862478386
677.4865915416744
240.01352935150055
1537.5677861677045
861.0350809181663
608.7025327351889
526.5850239201044
22209.463596245176
7980.2764684583735
12002.379864106848
8238.936801291451
3700.6872289991766
19927.916969320842
33184.60153179174
32200.625700842713
30927.653343661656
29525.65519052232
15982.056313746523
21902.036933362073
787.0287908619318
3463.4450862405815
1128.7330292232898
34591.974305541
15739.825905708598
7130.859154202403
13822.629270906344
15388.827678183085
31803.264303806252
46322.07055162187
6198.414745314208
10014.554924264818
4697.921740627162
3694.32847095875
32862.191863240434
26886.405692144657
26979.942973605263
68847.04477474718
24279.68940474914
4785.21646293441
19150.581612155434
18816.15217428465
32474.75578081067
53372.80603963337
32547.57213912623
31544.97416122545
34532.0713638764
33852.77382252765
30288.70119726204
32427.2068334962
12888.503266828422
7774.60096941867
3603.1852557404895
11326.860300716082
59391.8645331612
18899.438260382467
12252.451432470594
43144.80719949177
33676.42818761757
32589.69290964412
38876.42423748654
14788.068386148285
25867.168513566467
12988.258897135232
18877.04586700023
4418.832942979231
11572.817492830432
15637.838675079698
22157.581246778595
23472.434818573372
34841.65444731582
30316.64100990615
18164.27679619528
43627.00732973487
260.49859010493583
2293.6001952235897
228.41002521264866
10390.706974834542
12664.47352984609
30658.140258139018
21412.403075944505
33781.64471966984
24807.048406177528
41102.56322969249
17809.634040476805
53366.22816062768
29716.289668461886
1276.4343872691393
1295.2563874502164
731.0810127956922
10104.608312942786
968.8159503507094
174.8832672465981
1187.5722080844037
1245.043972480431
409.9132057640458
908.0017987263511
206.07845569832782
3068.968958994324
1493.6161734365198
185.4859894243433
1479.8899228917073
202.9281983161889
610.2015545522364
1933.8467604325701
956.559887648505
689.330994927722
2259.380481984208
1182.043636794018
1500.1508612211137
673.6209310256587
1648.160118200167
958.8597525833842
1126.974660071604
1561.1827250721278
255.09409126639153
1129.588029297533
1124.073334441714
1902.0067039247265
2443.291940124794
293.06705634502663
641.160413670093
543.1221376833943
1683.9737599675664
276.5933659031593
226.32234327852126
1586.416798059413
2600.1201509472007
2262.3852748159507
281.03918272178936
51380.24237838675
41224.716172847315
16144.941608745043
3805.991849746846
354.2452830472072
72.57452591881214
17470.025840599334
13890.793929739777
10558.678662373351
10691.392661062093
592.9325402984696
162.64941283809458
38558.256436119846
16855.023627971666
10288.644843480717
60651.18632455701
3996.3933970560643
3491.268447661492
15168.606354420752
25238.20022227402
22606.512191731545
5942.540089865528
3869.5724485766273
1993.6199048086635
9410.734503098905
28785.89289055206
514.2663488210533
3341.2840978260183
110.4526201367902
2502.6935110755626
1223.0177648225513
1546.4052235056786
1012.285082600283
1321.4344703054742
2783.394761854415
2472.81808460984
878.5445495280718
750.8632405310037
297.38967871240345
794.8723525200209
953.8458498236785
812.8647260062027
601.3736556308467
735.0943650852172
3147.9992761166404
1887.2839998254917
62348.298677310355
25489.74438173517
3979.791474291794
11942.007053246061
8213.253794530048
70653.32468048978
21346.372855364505
104424.5091331819
105527.20527603624
20564.508734903015
47168.45960771548
46309.8023536388
3150.9826443190273
39901.624158027036
17146.823750621927
21745.96142525547
20353.829422826075
85913.62301894103
57987.546710270406
3677.889552950874
58989.92017663737
26184.62831324063
106026.6606995998
12096.058125419007
19121.027768377426
3980.7575164279237
32581.517319215818
6796.36558309602
72518.8181809931
1893.4441108218055
485.60135495469086
717.5333800991327
370.18153198809057
11449.030094294492
43561.87632499382
10184.468073948676
5701.409067076144
33703.258238811504
5928.186187621407
8428.54539291425
182.65159951468203
1304.8082525145867
2561.144255959892
11828.047934981258
10706.887139547152
43943.780414996225
33744.70088297272
40507.077143331815
106149.255274626
16898.399762330228
35827.88550823486
11250.00040853946
21606.218148626573
24851.7959383964
42877.97756690671
7586.338286943171
23722.54182822868
895.7041363856785
3489.804213475251
3066.4785831841427
18982.879689404275
23633.45046307645
20763.198378895315
1438.440647064288
692.1815430473881
43078.06118251739
5519.763277314072
3003.04047739639
6906.736814459021
80547.33647885421
21562.912163470737
20356.964699165757
1638.532290343758
17615.562181646805
26197.939449087673
2862.6639511342864
23287.077181232016
15070.449619401437
10749.21629225
33721.84207622508
36150.702229834395
34685.70234961697
1672.3344955589414
21193.975426826786
7961.917755481758
28261.125070502796
22203.937468757078
24878.24280496088
94924.03897353663
36020.24954882522
36766.04379577382
37427.14213181286
41909.69385597127
35254.04582285399
27822.801176447876
29844.67357873938
1637.9065565707936
3962.806878072434
5425.158833584426
4486.50174521671
19796.839143801615
7454.216264787721
9528.553187583866
53303.09626952797
43831.0556920595
86541.79224294654
10957.125009559093
15126.170775723132
18884.824605204903
32746.53449678609
111891.54858907821
45122.3027107804
36442.93040160225
23295.50551046226
23817.878264591796
40648.52083236361
1272.600954716431
905.9304630205522
10018.357712384006
37790.01915412923
36716.05390516179
14158.39981028537
3094.8560736680283
14680.257996289216
8419.766369639323
23145.21332686479
12685.81653533145
18468.47384449908
5320.368851088816
45210.05919975885
19163.882507297374
42403.55876867627
30987.34707151135
21737.130281310645
18709.82488800109
1200.9060893302997
916.6811350630021
162.5906406671968
723.5354444785575
1735.1083922292526
88.52627777514907
31341.777845691624
11861.992807139182
4704.958442653321
13054.901361461138
19420.498066085896
78188.84588231724
24479.198311897995
22522.897833014194
3201.12053313602
1260.112375871988
5138.239559293892
16329.664828976935
15393.008583724899
7279.840667988767
14285.697036834223
4068.407438544865
18737.740221169162
21160.729831051576
20013.09343401858
5479.677606193417
34489.97533781999
3277.1422094919208
4449.124102045778
863.0091096288895
2470.497447859108
135.58661048111884
9281.799049312587
11137.947968527926
4447.576811180193
9447.759418396172
3968.862912468591
19053.59304076643
19802.746485921445
7989.082346713441
19755.280164400512
26143.598738210505
1485.1867365939993
449.3621819546202
2090.6291692057157
461.30135183947385
1051.4301191640595
2402.383819802366
10281.762152218027
6462.7788272143225
175.0502872086421
227.06459796739608
5486.167775066892
4936.787378518594
7939.81006462544
9442.324627079128
15060.350768505014
3726.280118934699
6194.108832990412
1241.98673228085
2083.8929812512883
7931.806569576759
19808.876876787253
2156.0721829889376
629.872621060574
59.00453932494889
538.5012631042882
832.7497833949714
3863.7245872440653
367.6401966699535
1568.696217588398
554.3439262468602
1707.0198902031161
850.9692177542248
3597.6306669451487
1158.9045141165705
69.36338756722166
514.0960866589395
619.135701381495
1035.089747599779
1573.3968056571518
248.62055112750463
264.90050090923893
1339.1478945264143
3282.5263614950545
669.059261759003
3650.9469559623954
640.8720492497122
801.4312599026845
906.1710259052556
1332.2567673946567
928.7008269085936
1615.9154389080425
479.67983581748314
12500.597003308745
17412.254819480575
15401.626148909441
6186.038106945396
604.8826143285282
1836.2994021841744
1730.1533588289358
982.314782444963
329.3388060430946
1472.9775807464503
35642.47497693499
18413.52802144895
11284.189972202184
23682.767319986942
22606.92020897148
21554.959901787923
24579.585414815843
14505.240854019768
3047.4629665760754
5712.286673897927
14369.708771984378
10310.570160332421
15140.308378095693
10367.02773957776
3866.8188943495757
25020.0057791558
15968.200101241828
4498.773944682435
11586.0836448185
1875.6674873440836
2400.7256844974895
1778.8601715180416
1989.9441138561456
282.9382531152378
204.5739772740506
7214.91488498293
5625.740328648875
6654.133482486514
22887.53475057823
5791.477688551047
21331.09409737884
4405.887641832224
22645.435946582704
3383.772671969227
6466.521514681168
25904.40050736618
8427.450497728983
4938.268368101398
8176.076873198495
6775.326246438493
6458.678845019022
9419.479576163543
6718.7565229067095
7084.401978603904
3339.8798302228706
5623.099315597187
3751.5643945152733
2075.1801940243654
3341.020547591659
8513.064566175412
31502.808791976273
30731.783072166014
21689.789124917712
6043.338298792857
31275.710684372407
4720.367576232051
1699.8832723109842
2553.0220894160384
982.8000103237109
28554.65950378001
21598.386866133675
16972.830379111587
6980.962051475404
1398.9096761185397
497.6674824212437
2815.511402532036
707.1891175443358
15757.69504049129
9794.308908119403
10283.442324882588
6095.181015150552
1838.8604155728362
5749.600978322336
12193.258960344767
16085.521543642311
2238.6969624434196
1579.9139636430195
10409.645859357857
29690.843111980153
11266.478315810491
1601.2253281339601
7467.172494201083
7936.935749156559
4140.245158970314
4455.6562370531765
6823.508755662765
4389.824763384576
13556.635784565191
2998.887612416995
4166.764303636416
1955.8332388891026
3782.590165597635
318.1968773678851
6023.513460784273
27529.92772705391
9070.621198951372
7587.053483205892
13117.245011258938
21254.830106973328
10508.376235690566
6823.759944875374
907.4156216298576
6137.8355582723025
5151.451494233705
7286.313270867142
20806.522759134245
8872.321486382245
9923.75788984718
23086.477989482402
6423.279103611399
40260.98687547264
4669.094349360294
8460.120002796366
7059.673563848881
5378.154305882493
2224.376264555723
15840.94137439485
4061.9732382113866
51.364810242492254
78.34450367080238
10130.408805230558
17978.654840251023
5565.031878872699
3168.9494720205857
28247.617902638984
10039.827658908802
3700.5091927584676
16741.65316602417
19796.36548201403
23726.58619952508
2595.4662268163315
17323.025648612886
17428.65206436564
21588.80025215255
17527.305084950374
24181.96010575908
17818.00968551535
184.10137344452212
935.1872686164759
966.1909272137249
1961.6740961912008
351.70582134779306
62.8476446914753
84.56059471111156
1185.5056520016017
469.386874822901
253.09128341830035
28982.793173573682
15140.748489166104
39584.6005987927
28197.29990141335
1660.5819401405372
564.2247311612583
1658.82997925719
943.6555543131594
1182.995732672891
1078.0997006932034
3435.2559457437824
867.1080906477608
2228.177501397855
555.6276929553169
303.7027549536842
226.84917156141367
109.65231772920568
230.08368085959793
6274.6032393124815
2460.399751722262
10795.971552142017
827.4533744639285
88.56014900700534
5109.064284523881
9760.725763492355
25996.96229538889
27199.84045724023
5981.060526307481
2776.847884526056
8798.404486981639
6991.048358581636
3643.5779585380596
1349.2550570947049
3136.978777476091
108.38231873583857
1579.4892523985793
80.05452260863379
1172.468362887524
879.6614150156515
1616.0627271843086
173.692460989892
81.74825298752329
40061.10345752597
17561.127557294974
18503.03143816225
20001.486313874004
17928.440188249962
1706.2279135812923
96.49491285662256
1371.176471011118
517.439615598322
468.2612305505925
927.6349955034037
132.34546773406376
1061.7405957460799
1247.365664881501
999.6982600143419
1369.541247199246
684.1737300782022
1582.1892434380036
1105.9838821823596
319.29904875271393
1236.2531754502959
2911.3440582876246
1242.1507799509636
992.498168682038
2317.83880998825
1408.6077591071878
384.94191353491067
2844.984227011526
2579.4691567747086
1602.6551924827097
2392.1533616922898
5109.129896630273
2703.22784337883
9070.978629117131
1083.5548704093662
1210.2005526465869
5664.638302016181
7914.388098712684
5111.619114713203
1343.1930334725257
4465.92665001047
1554.718804111874
4687.007984979156
3263.4156450540536
654.4421030761905
2073.76812921525
16090.265655658495
16814.763745692147
17500.95802665202
14643.820829394803
17639.24906520997
17365.421155620046
3548.57972903091
969.6664151765591
132.07890499660274
593.9992523726521
1134.24861910645
1417.5662471048151
1024.0858498346447
3697.546535953516
1681.5296381106505
671.8236552808655
791.7434687268778
1411.8118396415182
1131.2786181896624
305.9688252890806
1001.5746999842996
1176.3650299938622
2670.2286140445867
1662.9401624213656
3194.61068608136
1971.2895049454128
1404.9930697503733
110.62484995993054
1225.1738961814524
1094.638463019621
656.5996893793163
539.8078877392616
2951.8761736826764
3753.822819405119
3705.4188041402126
900.7400024085498
4389.235059062663
890.263933353339
832.1264595507415
829.6280752547689
268.7201232414677
787.5590312164601
2016.203867792997
1079.341075659855
1502.751962988265
1115.57613032636
223.83840631303238
1896.1274695550624
68.9152204154517
98.37573795568164
2427.837049989238
897.7315090907334
1018.7659658934917
234.35265611910742
1441.0958956618829
1080.5811786726704
173.35520391046168
835.1277093435996
541.3246386651265
441.79067167112066
1139.6489891308706
779.9664485740096
1011.6049700903909
343.63634351678763
128.30970502867112
1277.2984656704014
1265.690994918791
744.732915301961
1609.4760291293096
6796.620986868436
4328.4597533585265
17503.357889333078
18509.88192880312
5553.177488791737
7202.953433817253
4058.1757242779463
5130.273411183977
9304.717187417924
9825.620621783997
5091.716101414723
3730.7617186670564
4312.99882934936
5691.403940255215
6290.171510756786
3936.3782344096994
16504.709858195198
17701.727331625065
14913.297314483982
4469.659125210167
2246.1820494356166
4156.254221862788
3877.0859279394326
2925.756790392438
8617.191553382761
8837.607058063342
2567.6312705375276
800.0153955685026
1088.302328870703
491.2653531600073
1496.696341090104
4707.895079290355
407.55312273942155
906.7126034652046
1039.6483493059764
2944.7805047977745
2965.019831240106
1750.0749037367873
7197.641709038859
10121.187027330821
823.9365257468659
725.5411593056727
604.9321926547577
32229.619035694883
169.3590015635862
1382.9513000235363
3385.234557329863
200.20048850473643
489.34320818366126
1677.2259299957873
1365.9715939444848
1479.923487483317
1383.4005514563116
6558.856850988173
6256.070437618907
2226.6887259406626
232.80279180883485
1343.0984975514432
1226.4011450046385
11307.459401299448
19830.286150826167
10304.278578791442
4999.2913615248735
3637.2279177982255
12374.890296809706
13829.496447326492
3224.801138563353
5797.625650837623
10888.834785387508
35394.955390087416
7746.5279890084885
7860.266771065661
7982.987596670507
8742.940539179162
9076.080272118816
7112.417834413779
2127.4889901643633
1508.1105620983137
500.98767138407607
6933.009462979989
12242.05453065647
10514.14077941246
9815.489570491009
435.1737893931877
3020.7537290389523
677.0198114457148
471.7483945210563
542.3297389845807
547.1792097557043
753.2404187529002
1633.473904052357
2009.4658128892902
115.25941103668335
3739.992764536001
183.2114784130091
354.96250563198384
1144.1514994393942
1212.2415748741696
672.37156172798
177.12354692933894
1144.963353172087
420.24756541265657
542.0784245600645
693.5630234172171
77.73010054837515
817.3983129934328
55.47138138404263
656.4670911677599
526.7418515766288
774.3003981154712
2324.7464048995384
656.6373206163844
1004.9326183573661
3185.309776232393
1227.7655922886045
1257.3971825862227
1355.2246764577735
101.65674852733208
399.9677449411312
1213.9372157992232
1737.5092111429224
1684.2755118425498
2461.2517644112163
2587.664253114954
230.87285886927185
216.64302833892825
822.0656048165431
2742.279732179209
741.2696430562695
765.0803357114411
860.0336296462917
1876.9335197436426
592.9729658307356
1219.418288440605
1652.9681507106088
1447.5432516581361
617.2230604567139
853.5508060948698
1050.6644276068591
668.3252824185444
667.9882947311308
6636.443337139018
7077.948097485343
2621.810728695915
7300.406374603853
3816.8135751083464
6179.060089214097
15396.820007289274
2152.6688197104468
1047.4933595741402
65.3754600095157
116.02773249911367
4026.59906203313
505.7678638125638
1311.8541560607305
1880.4153627795508
443.32050460051613
157.16852950871058
441.62665346099436
1074.3527313510722
19200.767328361402
6910.089902102404
10676.436334272825
3648.069604721466
5298.205315760204
5640.962563795337
4351.283759352373
4834.457511117626
11443.668882197144
3700.2620148461583
1769.0867679085748
1707.4953703269898
570.4283239673555
829.2001977106652
2131.6479367114366
433.9707120976094
1881.6604408596636
1608.6815359101045
893.5582596074424
2785.2637450790603
7522.1637675894735
13183.07950500127
3418.4309403357197
28105.203250961018
26395.04133532341
9418.288554724804
8170.974968844046
6298.354639630222
2273.4949041113578
12258.146321372395
473.3351689477499
2771.6117047635794
1101.6105065024008
543.2216764865848
548.0320651929547
677.329519560766
714.8770685504309
1426.0258979475886
136.3022786875553
861.2035147435749
466.47802731179786
198.58286729947903
1120.8288213639298
62.04011672258755
5335.298982046065
252.43081703279674
4068.053229631439
153.47132110312776
2883.2826373015887
2539.418050290493
204.0987939769208
2648.2207034028224
1189.8263881453108
4316.39024900783
3656.401076839799
4484.84363681093
3182.0319719381114
17776.91366662201
18535.10863182856
9152.272647148799
1361.1788151807868
114.81287649860583
76.67064194872337
891.120227627957
2733.2841365025884
1929.532108539002
1724.6412625631913
210.79721879647857
688.8389269428731
847.0366584054397
241.31367798774522
35346.55737279596
3089.317097849049
82.85508927940418
732.4963050842226
706.3936084483712
5411.215914950109
2044.8828999323423
4001.2992660905215
1301.1526641515038
141.46140132197175
2465.5676140930823
1140.5679719658413
2428.7337143447303
3130.5555723536113
266.25958530390585
734.876013015257
113.52307465631515
1511.2039496764896
20634.25539377338
158.3131593018659
1340.9620881914354
2089.410821718937
12266.34854126747
16515.2780884763
7608.921300177095
9636.490336451661
1129.735090354051
2200.3725828918823
1394.8493329223998
330.5125761542429
1908.1484357717707
1414.036356581397
1575.1775257993602
1585.560906137311
853.4708527882311
263.2660914136073
2471.370180811436
2572.132313797079
99.72857198113037
5899.930674111686
4800.149496315925
4903.463695077269
5239.885179321973
7158.049714597989
3433.6816278090314
6788.775407890863
5516.222820719126
4681.143930811597
3278.6302714026197
5024.80698598262
17669.564006913566
15425.96023488745
19103.664434584345
11862.834285080904
11324.823897079295
8850.35995789928
5583.376039587211
7521.838815890983
8318.961920049242
6345.281735234593
10853.125480903229
3037.5525818774254
2846.0208333272108
5015.007496155832
3669.205334534746
13710.068829452232
31840.069730499956
6386.9656404034195
11257.951579004875
14093.810248135129
14990.036463815995
3912.88867632667
4371.084908888576
2143.6956597680964
2774.785684793983
1721.897036403139
732.3606451811828
16587.943833119032
10319.604444383485
4678.375178014106
681.9841268147411
80.08734316047686
859.2148802331291
8668.268183617845
13566.734083004816
5985.772696288256
14576.204740204033
5573.984795772792
3023.4831803985344
142.76380422008134
1399.2274620522887
1542.110839832142
805.794106314911
5756.385057662523
7815.534923589303
7825.4277535132605
17011.886239172214
4591.894019692067
1421.369321192018
2067.1276520131737
866.3059149422354
111.63997538300934
1745.3661353245361
6436.42720490462
3072.9788011830487
12126.614926565993
13137.234026107197
13421.568894404812
7264.317331237791
4470.880692357347
8079.12413518188
5571.149743622388
4647.081190949038
6897.949207644041
2045.3758592661284
167.4159882312549
2251.8823323133
3470.541192674941
3924.14497770288
4249.263808214839
5107.762357065536
5339.327262251813
5502.419094791916
18599.019870457258
12031.027430382803
2789.7676272343765
2455.7822603796926
11702.38015180797
9640.426922198852
19852.617164428146
13943.132226955102
1569.414192790169
36057.891599831724
34994.20539690788
19274.759108128303
17919.286361722134
19412.690576739635
4765.97665827821
21261.199501432257
8652.550389447984
16353.716011595494
7225.688736684288
15277.37815483233
29638.72512866178
28524.486255643318
14286.076119168649
13403.918076537151
14398.639745707003
16735.44120990878
1827.7006965117655
33301.88133992854
10193.451086738733
24147.332095072114
37384.215038679526
23346.33024162285
24645.778953222292
4120.079266210205
6332.117387799253
16232.617781493413
27066.390485561467
36578.86182235173
4143.237907418481
16776.040393984556
6746.927354497258
48613.4478824532
8681.156581084217
12705.747046350383
940.1084227072428
10772.619614807982
20675.820601047293
22931.39084975572
9086.459391556204
3235.697232842737
3989.9989011341418
3989.737635313314
5430.132739165823
15377.023156838994
23556.233769377795
17093.074109126606
50175.20302157153
6754.798934615404
14330.471051821203
14710.35807097859
16801.188573701045
20021.559804219745
8501.895270408155
22617.22234063439
11344.997051908007
3537.8788401599095
5022.725962076137
15126.836053600822
4401.569013560921
4344.945639975579
21157.47747485227
17015.54972797518
7531.544484854905
42764.277803426594
45787.01208850123
6886.53240949794
12889.204989099067
17534.64176729862
9775.875981678733
50521.36867512123
32840.06243470247
1089.5623407028368
1613.4670769326333
957.1748919952778
1620.206074784015
2692.723823115656
1242.8750620324574
12867.890344803083
34552.89613583616
47547.61366475707
9441.68277924783
23143.064049570337
45655.69365039203
6429.965375003785
1375.787334962991
2658.7687646626155
377.839167606129
861.0758649377626
766.3012044645428
1354.3629104387473
7042.672926715432
26846.885213316582
8147.651856839698
4360.17188601407
10216.176493809306
15607.89699012412
17538.209741421582
12729.982100313264
14437.467251911716
27662.957205603176
13123.533191437784
1695.650238647124
1220.3599261826305
111.82302610106458
127.73208457379143
1219.8636778331295
2319.990776093052
151.76786324690173
1509.648356027457
1364.7593339697814
967.8332213027486
155.67511740209758
587.2106736243139
1822.579815502517
613.7582894650642
430.6713636022627
4160.49598925294
5901.174569782872
20944.06923126191
22194.34037419682
30941.386717651647
15705.399054615957
10272.774550164262
15727.658124418673
32834.43917037984
2192.4545197358
11506.11103977274
6436.93604828805
14635.72311770331
22767.67954575805
38419.865935178044
4376.658407774419
3631.7416745447526
4444.836754529239
378.67481731230407
3239.8944732330774
3941.058859998236
7490.308024350648
13013.75659914795
4273.340937576123
13046.104086302043
15244.978466227238
5560.9260456934635
6079.541333249429
2681.2779889665276
2180.6700361245944
163.3407064590446
26880.315320585174
18303.449352204778
51196.41176013559
14577.861737372657
12275.685376824906
8456.616498628326
18758.525748395237
12875.6883681407
9081.75091163474
21276.85291448782
20548.504616379414
12847.695019721776
32026.33963425989
32595.220600174336
16899.23178292683
12967.221912546516
11419.977543133997
26815.574773065193
8872.654514478912
17381.408343855834
11775.124738834527
7890.976743112066
25838.380391435414
17922.098071715005
41838.181146819115
13291.466611661313
18460.489883658945
11027.41309706951
9862.002910626547
38633.75149939891
1666.668630887145
2399.4039212636017
1700.2395131096355
1226.0693069772406
1406.3337701419514
2026.2703042555681
1452.3463562709655
747.3816837874805
333.3229646565634
44202.367125608915
8548.497448628306
30127.127517147062
2832.553797683717
40406.13364958014
7859.104479740568
10712.067676683982
32271.27864674069
9718.617902274711
3579.452957834703
17763.145066280722
13275.486897687628
16989.126134956245
19302.71811122629
28813.6170681334
27699.112188902407
24771.34411812077
15243.97160990104
7377.095400748388
1097.1614158844013
1772.5633633322407
781.7746677927042
45648.048098417115
494.8960622177729
3406.1882823341384
1769.6785189342183
13449.61076590728
6313.16792453619
7491.048172413117
5758.1464764827715
3442.2995763891845
5720.859828293686
13369.505696250339
30795.761901208858
2962.0615047549245
10162.572253277292
7971.220484803494
10299.666126624885
9689.993574299398
10244.345852659173
8068.735920598988
13538.583523153471
20256.351109851068
5366.343309813089
16610.852539327505
14997.383034453944
21316.263002550324
25133.28543272445
8557.92020714336
11115.484470176258
11106.722983071002
30921.74930694536
30612.601536259743
4752.402761469781
6869.47961646797
1736.2862656416019
96.62327629004632
888.9183792912946
151.12747044842015
1913.227986378811
1927.9239767071726
105.02438955214669
1955.672910363131
2387.7512678171984
918.1364908705465
1174.5622298782826
2038.4313581441847
741.0836722639356
4274.7354741465415
2097.554015568779
6910.081821548058
13583.933841596141
4311.649725352175
5372.396936015904
68.90427609296322
360.2765851887088
19837.192859242503
20574.532798135904
412.61072926406206
20290.656228138512
8235.959128127555
79.87117622522226
1424.6288101553116
385.62805953664827
25125.48266611561
4080.8612219222155
1039.369263304808
19116.24370491518
10326.674950247112
17956.03845491603
14060.58166405113
8537.935279975469
4168.707116291577
7556.561570346514
1856.4565635734994
32391.14972041438
28254.11807612712
13284.934445921417
35688.945241791276
136.21898840414744
15411.784464969418
197.37426631443523
31998.13210795668
590.9792157570744
10170.51725708456
8058.79027083046
1162.3769376782398
10873.246376406178
936.4490328549113
11829.41260685989
1070.3224680663598
8903.687750730745
24153.998868269373
576.5541874863524
11221.734688336963
92.6344614952244
96.3892871023369
28749.171346415842
4152.136818687522
278.2895794896293
407.2509098695902
7640.9019132984595
513.7812563535003
2337.9366905093575
2220.0114581575067
5893.591422058166
30257.231734652145
45320.20618857166
33046.05097174182
3519.5082922844213
15173.06070482884
1177.1136814766144
27529.59990305826
260.0271632173573
14820.890704787587
3110.859106159448
1703.0284391804444
26735.029784946844
30017.666897981893
20212.276819773488
54711.22918373685
22241.060958023954
900.8221870810374
77.4973572963202
23110.532661933354
4390.964152250288
6808.406762769552
442.0120379504637
1768.1829556454736
21460.95896615459
4416.202310911489
6718.912878434779
8698.798373547648
1242.1778752219695
11753.493165148057
24229.794131761428
25715.345991870694
2180.329550899152
7574.4313471871765
17456.82446996413
444.2376947171368
11099.188031997779
27878.09813769754
3859.293517160146
19279.464211228144
698.3304422069737
3330.7320275773163
1656.4883103424138
811.7141039311897
2125.1638683244873
1110.3941773284937
26768.24997339136
44517.009343411024
1298.8659359744465
7988.132367357312
29811.36986280588
1315.7809651437149
1176.268620735454
1138.1958002040658
464.31971654964707
27893.451055844464
1608.4844244436626
1891.2301243431184
24446.259897734002
22379.053372431306
22844.79952783453
15273.662840468472
220.28240967982134
1501.3000753618485
65479.74059091322
13011.023291558458
2592.7278597856093
6441.361876796997
37273.25296202932
425.2278160725046
7230.544849851494
4121.077077963031
2295.612209514161
11235.51874552269
7563.079542203462
30116.542352913188
6468.392845349505
1058.0070038512347
13108.239126573559
24116.481034099972
17224.137693246048
1234.4067684717804
2660.3221553822227
8577.757380104062
17716.324017564362
551.6723387317815
32196.377240344886
21606.54069123025
18120.832365445756
25911.807704814986
37845.64595710555
2032.8611941396452
7756.6229803451315
1684.0273734740233
24321.835509852048
19833.698755041944
13410.231410669805
139.02294034683095
319.1781651415959
8184.957745846459
17072.758670311927
7287.7623232774895
1028.7440017801716
25367.465104317445
692.7124812984757
1016.3546959535073
132.26088770043364
15981.178878524206
8068.433736175222
35027.39442255752
30098.34466420722
6858.906019853995
9925.831646636112
2226.295678951591
12712.242257733755
15507.220656214105
17638.815667022467
794.2376494320013
1069.046043399797
8011.373881180356
404.12267631523963
2418.0562474758194
28160.084444339212
13063.793268426394
17979.858851013036
742.1071569469763
6838.971745971312
1375.7089224030378
5478.855635568374
13652.822380310776
7571.853207539613
17910.911096717093
4347.693424332788
2681.471484830145
3293.4325633824674
519.7057134811291
4605.804020295234
1293.9243739485712
3901.939440045698
9806.21421871616
9284.200729349852
4499.245579479807
55469.81058695056
15707.691751834278
66653.31454989842
1233.3041544749613
21564.464825457155
21181.461758682257
162.1450772355389
722.2608000139027
7508.446578049732
10877.197603086395
409.45153934721145
13936.227007082845
8719.619318264213
1452.331018665763
2143.1290401187807
12313.486087593905
20669.402452817358
2252.0096368939953
914.1420511036213
18293.912461874435
7112.044729903643
16209.330748187349
11001.942692995392
644.9180183545434
2991.1483037660173
6438.046202092088
6310.621732551434
2204.1887445860107
16068.681170961834
27935.26491143825
8876.689312467832
1110.605003913788
131.73403575699368
34003.6293184719
53651.71378003804
25640.595300666588
48775.39472541058
21184.461564136203
34112.87639351276
1069.5524013523934
5805.5779181635735
1706.0334140820962
14108.990344816963
7992.379691351995
12614.569409696267
20637.158100502744
10495.002321514026
15895.316459696092
1644.8804059115832
122.45630782514787
46489.36259080135
29019.777396919108
12753.627832027083
9770.051707109436
1067.2886091822995
6005.791885516544
602.5376331407305
2083.5300180527943
16494.732566293675
67531.6158756739
22803.377235148302
3203.2079129056333
3979.6165917378626
517.9203207395348
25920.294927957173
12871.816088272562
455.21587964962214
17882.463125947397
28691.0468557154
3337.68929456091
3348.4909981463043
1768.6776310339828
1779.2973082156193
24227.461225539406
31734.852666226005
8142.903181750432
3656.0101280796202
336.04195759507706
5711.529487200934
26633.25357827449
13310.630068118537
593.2463492464929
1865.7215716716717
2095.2164038071314
2396.5666037858314
1015.8523660470988
6602.8158640996435
2273.2171468028114
10168.160644936585
438.3880902672101
36750.500486433855
11312.6867638212
37951.37001389947
26536.269387494835
284.6149811073812
13659.835541535864
1021.323591058257
174.42760707634213
56604.11923893546
23246.106153421388
20603.184983262396
6037.198837512723
4852.828382446617
30620.07061923904
767.9400237609331
973.0599328749145
1436.8724394821595
2945.8960880725126
2067.441906109395
18193.06550222774
492.089930351789
37969.14863433566
56786.16871257952
1090.738613373762
2748.593189938746
1818.3272946202285
23071.65330562923
30288.779055082938
10380.691644713923
18046.94815866463
580.6449572550829
11675.51306757631
12569.917067780898
27962.565727218393
1515.6117206419494
8110.036225914692
1392.301123965384
6033.6817021436345
192.7707881949348
4198.540366325617
306.1446465549977
12257.363573721308
1680.8365329854219
749.8850186553193
18178.65848510066
50802.76800500921
13524.620181579143
5038.580258689762
315.38305393307144
828.0437038113752
739.0976869000967
8607.551164399372
14865.27788380762
180.9756986389526
76644.41166585316
10777.802522174983
10827.445515457097
11726.234512209574
5131.771173337586
16047.279564146567
31586.568424064306
31278.045465290154
266.04439488969655
783.7995257102928
10410.447183976916
30927.416649067727
14119.332411239526
5339.15455957108
12340.5087963696
1974.7376015316167
1847.5736129546217
1016.6970430392744
958.067376143774
561.5850754871537
7048.701813936176
4697.535153615207
502.4800258099414
10200.82035888111
9892.026303186269
2471.2759672352745
75.15478666799463
28790.348847956924
8716.10609301583
5927.122575843553
562.6459401471794
893.0999745640769
12600.90909472346
1355.5541124786655
4153.627772240969
27996.48109536846
23768.700676941637
30496.899154204322
19652.50842745059
3069.0640640706083
8415.95429758594
1803.9845721548968
12988.847580287373
15710.322703773818
71712.2100875033
442.2792933726813
40573.71910299505
7368.479973228596
32354.151688713515
1834.6304048001953
981.9459504158866
28742.999672545382
32749.541183141944
10137.656820088077
880.0893384246336
1900.593915436407
43351.93874801754
18222.873369740188
8376.104558126772
9560.756380532912
4190.52038780227
133.78343586314386
1257.3671938650386
1380.1440261854316
26327.352225542945
436.9745630757492
46740.47727219401
539.2372806797496
31329.21481141634
25366.707454770924
605.737517063012
43097.19296793657
3860.744210314311
9827.969537788975
7953.357738605726
312.197672278279
75972.68700670922
13369.733453820761
3949.9386650640995
31020.36087715577
709.7621827175878
39302.26795277217
20713.78899895135
21092.7124448223
9796.993630461784
3483.452922476529
44307.21011478688
4718.318823899417
320.78588620248485
12729.257183138425
6865.497503797602
8826.013090187356
18719.917139161425
5930.478539526832
630.1169266546798
36074.53746772796
21258.643662370017
512.7685481307835
1220.5567629744921
9821.41021561447
923.481025641456
17014.096527662892
1767.066656265785
3970.159214364499
285.715848684204
31904.03321127546
41735.17622864203
227.51896760673512
45949.82915752103
2773.900411164628
188.29359696653054
13297.477026421373
2243.2948974533156
13528.277004256228
362.6112294700392
16557.211010835697
49716.036567047704
29051.91262135919
1477.988720071764
12373.31396928384
1416.8747120883322
2111.0379558161244
31799.690643653623
9495.281201440588
17545.00987054883
16922.760032205115
102.31132053929022
5619.529643768695
4527.536994504569
202.73455432183965
1616.2120783840617
3084.7101323015336
6202.782886260672
1113.0490447587583
331.4720718015552
823.2486801757761
38723.80591399083
12979.423274775665
297.08896035300006
38818.398658829065
20082.097392505177
2107.102399142384
304.4628088794843
43559.96603972517
14064.002164694362
1028.102165364529
2415.7756803864254
2007.0055084558965
3151.8095089126214
1748.0910959546052
1887.6564980703251
1640.1723834223822
39559.00464835583
9382.406353526227
792.2458934371055
4218.638630345295
1594.212605349581
216.65031458270147
2962.3463367204795
3773.818283304532
157.91756993149602
3125.227206068411
298.1209450595382
23970.40888010726
31309.50669280306
29572.96534638188
19733.285650407663
17208.66616659733
18748.212346939177
295.4217844924115
30301.350543283676
40050.03769998185
8205.391576573904
82.94765750894084
3792.4832625959502
31208.44016793449
41853.9324230438
2304.2623269628157
793.2413170541138
1200.914555585869
2973.7879917513014
23021.518241555415
1749.8316931450936
924.2038844043469
23942.211644813044
665.3834824316325
37866.491961498614
30356.19302617698
6896.818339490465
62718.30198996057
47643.71475444232
44014.95898212606
6941.860708778328
2822.0907882543474
5073.868070953045
5642.817017698913
2247.8242550907794
16398.63476858495
16208.267905717023
1602.213217829099
9488.676080794317
478.65621792554913
273.4130059270543
16850.11268713097
31263.21547065009
27938.798443138814
18843.640252339832
691.707936326367
2470.748553583484
89.88481734030995
218.4683491184342
3429.4871830459733
263.85294919107355
19480.16681509857
29731.946670221118
54142.36630907886
25014.565894299947
105.82363754601047
1614.631818582366
1434.6574284026906
1538.2960339197089
262.42649728707306
13742.043838679481
1980.751418223527
2528.748841325712
32010.77492089957
1021.952308656017
412.8463696999753
11241.727219872997
1152.4017534424354
1722.929272344605
30403.390495425363
28333.01595705453
185.85856935548128
1144.3827255809158
3498.458616862736
36305.53910725266
1112.4586547588851
18414.969294188188
4733.526781442643
13948.535237812745
5317.300177817351
17902.227264746933
3279.4586953878697
215.1110054997255
15756.836556245866
510.2458284385961
17331.019230291124
5954.3031474494
1972.0865017652097
13986.735753111701
12277.640758001266
23811.306323160716
11645.074778881892
4206.694808097214
22105.62262558695
2906.1996061274226
5482.053613105939
8263.401603329443
15345.644388809338
2671.8823332077395
1268.5190818788878
753.4132572784642
129.26217573955958
703.4199219137801
965.785488011892
37996.158068931494
600.5671490972082
32356.8229057744
381.6556976520253
22414.93608476334
15637.356574290256
26816.42348691311
50694.362944331166
1216.6305841512612
6077.299375076196
1089.2993398405356
1239.7944149551463
20939.79603080359
1115.9675704259605
21101.690598399407
7889.927661038611
898.832995674092
392.2055037713229
4795.4065334025245
957.2536059677394
10922.445711851682
34419.474869909034
1206.9336533358833
13026.925942528995
5289.318465175839
2081.153611050197
39268.32803781165
1132.0823403442996
3272.9697059095247
20822.778061738125
11916.083614953865
800.4673123269367
6854.5417091359495
7113.992079219033
53334.333582831714
10733.672012436267
21350.538943572883
19838.154615885054
266.08075077614944
520.8543380851225
13211.993885739077
1320.2812988785383
472.8078577215902
271.33834648592006
830.5365571858553
33973.28290768016
28373.389758931928
50444.625966696105
27059.792435368527
6503.440251144661
30724.58979918371
6242.226299154676
13030.0322151197
1606.118248783165
72.03347371285093
29433.696430155695
1758.035402748338
6780.8974721923305
18763.04221769903
27564.72133602091
21947.639915366144
1170.381697789296
769.3963524236264
1126.5609929233387
212.32198261986522
14066.788034972426
13252.180929215949
1221.4717202397385
35066.33298495224
4371.532935974745
1404.9169811708896
7456.913243946142
7848.7299657644335
1399.6373923064327
9210.104635467287
11439.22231826703
37110.73226988477
14649.639995257068
1286.6003044745844
14895.723366682749
10245.434632103788
24592.09309943231
2660.799836374705
12753.046389022567
4284.35049194505
3136.800626494232
949.435430717465
820.2522351073037
20577.56308359477
1402.8227318169772
949.375435940078
6283.411409976143
19168.275057878564
2096.3010797882253
11570.442809589018
1320.598643874401
689.1974785929373
2806.951224918495
14049.644174882393
2448.4074702711123
989.4711395206699
1438.7047589353265
1289.4561284450192
11543.37238778054
9206.698058088708
2716.7044030808543
1453.5138364784823
25597.020647932597
100.31538210049972
8920.047558874803
29513.656118042323
55522.501182926084
685.2650896634052
311.4023513699453
33154.79924970546
2561.800620481411
11181.209267067796
1918.148293138649
17427.95439516463
7811.210242431324
11373.811880582192
20608.239297802567
1384.9239724511272
414.8760001302025
4769.275466470456
25852.65845228412
5274.874380838502
991.599992788134
15086.235483884146
763.8871782048298
188.15625921692785
1046.7691780292228
15064.947743251989
913.6779403100433
4569.846389270417
436.23283092765644
2623.9177710150434
202.22137061656503
1092.6171010821047
9980.04862631969
11244.429962256518
2590.905006178649
13317.380687062261
20514.185253983418
1106.0268400827763
6925.702985817372
1189.31275806301
23725.604987526454
2268.7074969874957
44289.904637042164
5805.780815877205
16107.84768421361
1886.4877239080274
6713.282951817543
19201.677016183887
1995.1349643161802
13764.939531313104
901.8183849515896
1936.3748580665003
21012.02837333742
34722.37799989832
2960.5542751090243
7162.178136009136
26015.107101670135
32071.633419083406
15376.842186974956
28953.382973542615
23429.456735643547
14440.960412390388
25081.137092857665
4656.259626673028
286.939088037075
15048.115899537035
1475.3441794956923
731.820916910684
8346.574906146945
9511.505805340707
30073.650751012075
3096.9068126562197
73856.08900581245
908.5634838123606
1605.7881783833484
2237.758847743198
32741.623567459166
4744.532244170824
13388.547917875003
15278.550444409459
54267.94085731929
57725.39239692972
845.0699547843086
2033.281879026437
27565.98058136163
13228.00290025459
636.3877320098455
4520.573866618408
57679.67873122455
20276.80303028411
4509.686868163973
4045.6384788850805
22518.818995589747
630.302445923632
12643.129222215215
15666.548053393295
24204.904424354736
2200.284663763548
12244.883042124919
20856.161590255444
875.9773806447529
1733.2240903911602
29830.01792653574
24788.302458924816
51316.34026540817
11938.982032720101
715.4382688233183
24957.856266464933
35106.697177930706
906.5490676923421
2627.001884677956
735.2953786819443
1815.9173822163193
26487.56880686723
240.243342616887
14147.754348392828
5628.796099577809
546.1051343555022
16715.2549958329
844.8023139117614
1059.7985949096505
13376.385298202767
758.2215588144246
5032.189124100344
681.9463439709757
990.3997641765583
1925.2688160699092
592.5379247299247
9418.73756741821
17388.91790352995
9533.04523291115
637.9792690247474
17424.992551375643
3315.6484763603185
1307.0225334896038
1279.2816786611374
967.724797585025
27110.95260578716
907.1906507823342
4655.493632387531
24280.321102405702
30090.365144605643
41610.08905501375
31187.95238449614
1886.240945007138
18945.358141685963
34312.8214920449
536.2140157987353
45396.61374011159
3133.9221376822165
1133.383628999505
1570.0072033935683
25330.911834244653
2616.213489149416
972.2142551466269
22180.933495145244
22781.168006513144
10855.39656375259
1265.8410410591823
22326.854641226808
14266.211328782478
8234.917019139151
7052.675758003199
24585.180281035286
28619.136302807638
42545.889168945774
24566.418743780305
322.45199993161503
17934.674947015952
2452.8843924948756
1898.7141664563064
5558.047217231354
39517.29836062866
1037.4614359166421
1686.60636684025
16475.86237889694
5511.293850886601
6866.822985213245
33528.7893130046
34404.46120765913
18614.610830498383
19037.48838704754
22476.05999103227
1415.9933367698804
17751.824138079664
29546.964018524857
25695.354910473427
3615.0696776262885
18538.037090615628
30158.689100558375
13886.286027268608
2599.7918083585964
2264.9094602404357
891.2275780975455
22559.85537272909
29832.846505495985
8008.248888696428
1141.9689544397631
1073.482874979418
652.8520214325209
696.4733384369645
38549.36762588977
2325.0554507693573
147.65890907399012
26274.19512292841
18588.591344480465
3370.6980396560025
22183.154917718934
31560.559694907504
2019.3162104001026
3705.1611414956164
49422.813213827285
22514.05245497961
1720.0930472981922
16444.43261332145
42799.497157254154
78.90478064556287
1569.1275078955182
248.59529941078958
4753.974104148617
41179.4765692794
698.0113236394809
8158.039006534203
1273.6190126198148
14966.786561618634
5922.959090718641
14387.96291640061
9204.46260984685
30753.027364056874
13305.205423291125
22771.214573951605
6937.643352548768
24572.767733630033
19894.988960689196
10267.552169630202
22758.157637379554
44800.607044070384
34289.582373221594
491.32623504327006
3309.0164258371974
3005.755823463468
36737.838886571226
1840.1667087101162
828.7437155532773
3665.2641293083925
830.545169545965
3341.3184497705643
8165.862563266243
2571.7038682265184
35689.10157865679
43914.742875829164
3056.374738993859
5963.541345681915
3104.140439557734
39178.51077515368
18703.451728257656
28796.124792661474
2044.4827149841772
2031.931703318751
11548.868487689588
270.9593557113389
41122.38359431023
19343.998637890916
642.647592182168
9890.34404858473
415.18213583094115
15534.672912182428
17208.846199150757
2216.1758938659027
22214.335321280294
2680.1651531962
12468.231548273374
18214.217568266497
13519.44584162705
8309.028404386947
13210.311839035503
660.2714053140473
57785.49017937941
6772.557798784398
3725.9170189100014
352.85109390961156
14718.492857748704
520.6403362976087
16527.060780664506
3834.370281320104
7569.318055053537
630.3791622203825
854.05044605365
1273.532837805163
4517.994066759103
277.99419974394505
585.7821825686106
18584.83954587328
10872.067947082116
2351.1017080955125
21609.878642890515
4743.425218713095
42839.502763990975
8313.240917865223
2325.935765582103
7073.0440646706775
15426.582595701058
9707.410469514689
15386.153641925604
826.5491958360158
27380.843375457254
9580.494747308894
1911.6403914577377
55.76215113671321
4420.28882972501
262.00659800404827
29182.897430724654
3648.4337955178526
28135.854290323772
7615.9074814098
17282.59644591271
1275.5154591562512
1072.042608515424
1067.2261109844414
805.6088073408498
8560.759608798553
5451.327103890824
45355.05262004354
1229.1420362538754
482.94457888524124
36972.52947794115
4059.424551876022
6787.1330564081145
26293.780850854477
27027.633628420957
351.721938212072
62507.99799285794
650.1689854348122
19410.84142161125
1509.431454880253
2336.657681771683
18663.11033277985
455.7393380577129
3343.5372032277173
569.5857448475397
551.2540706148526
10046.578249268347
1480.9309940978985
2320.8305580210767
26149.821726635793
1412.426096867127
1253.5008830737995
30401.186887805805
21847.976681018652
8070.192009107007
12040.814587435025
7799.964594045631
195.31633132714316
1466.256642504621
12543.736959815187
29182.971728524477
18304.671268626047
84.41782395431281
6771.494717682378
2757.2898462886455
2324.6932698903865
766.0141678890134
341.5584030191984
110.5835005934797
1546.1031951283107
1061.7964619591203
58043.890418235766
775.2000567225568
3672.1098738653627
35120.398550451995
383.0552363144742
834.8571371096904
15704.770578903712
1850.3655831384826
738.2683920439512
34299.70740148851
1217.6493304911812
1806.6721805261748
1221.3981077625963
10191.669373825383
444.631482311867
1878.2119866116839
2661.6938143306256
32573.661949902125
268.11570440415153
12592.749372015654
14129.55800835223
41367.510570952494
10281.226647648613
1049.863819148944
7945.440033372108
4021.8649204012386
17127.224912817404
6541.050780504108
426.41793507801435
4593.002647515536
1842.9835155250769
24512.1882865229
25872.346470790213
2009.8885610513232
34796.31591539684
28822.113850148133
346.18214247422026
1785.0906963847303
15878.915948150174
914.8592137002444
1004.4161323313008
41061.77920098082
27463.928934721618
1153.2281188436543
1432.1090516720503
6779.074893580613
2286.980655628
25386.37267830219
1023.4915503342344
50286.97936099966
41407.04826101407
7993.96514836313
861.2292486332638
52463.309063188506
6825.74419967257
36355.229711405475
22218.9632924013
418.2823989373373
444.04479630229645
5181.218587381001
3744.1072264237764
16872.85549997784
845.3666505240672
16429.205494636895
16465.332837933332
31124.89175255855
5460.0463299384355
27254.382013050144
1898.0298119651256
1345.4830707079238
12870.624475952494
1546.4436614021897
23795.67476579105
1274.9005744031558
43930.16459514796
12391.610352868123
934.9704157658565
25668.932349863502
9740.01555622335
75.21802469198803
391.3482971908231
12421.418499037989
7496.414001514179
7587.03340631572
48127.40571521653
2250.5535492336235
1080.1144214416513
29403.878389700676
273.9356800151581
30279.928565662463
1136.644004314992
5348.968256879986
12933.395905388621
413.7280300393547
1787.054864032487
11260.284831549217
3185.09817579099
597.8386536973236
22753.99383695697
2377.194048383269
350.75812232462056
1980.896596027496
19368.6697696388
714.4508556261087
57.36942005277204
9110.744472449109
14314.05261458229
18021.48592188352
8641.550532226576
109.75782605770775
10839.108410662817
2232.078242290213
2280.5121249228723
30397.205471565278
238.19632179174477
33260.68379052338
43162.7678059822
699.7688898378286
9866.290967207842
18052.774066987007
23928.677797738794
1968.496987830666
50219.872241976846
9731.195334475515
5242.8186832217225
9318.25501304973
37854.51372717163
1433.0085184449463
5778.904162593244
467.2384920364796
610.6932728312588
18957.60100593503
752.3874124922926
720.0789780506863
857.4121446000527
59.614304447840475
2191.3773528700053
2404.6003689906393
15535.76606234273
2439.9662479729577
5396.197939450189
13200.964245912352
14049.02151759228
31233.471109503113
123.20060733575585
4863.542559612124
30895.969796378788
1189.798372236662
461.24906027936044
956.0489717911588
32678.901431345443
2094.7758205698897
29714.767929156624
915.3964444178706
3794.72696655598
13080.871508475822
54250.75570842805
24489.00756587278
562.898887052101
2726.306027161336
31732.13841882694
3065.7144017921264
29047.944976701197
31413.307825437685
1543.1997578515682
8628.00111587091
19130.29249286166
94.29485719868823
2087.020247907815
3494.211959797981
11221.565664643533
12094.43816359157
22146.775169079217
212.14024434586358
2886.83642797967
58893.96444322629
10262.886234711781
5344.3886409882925
11313.29929311443
407.5055785474822
525.7116517669741
2054.1237439282
16129.111655846938
28047.137925534662
942.9719498656891
12052.525414656116
583.7738718490814
80.28631489562355
22226.23647815282
3687.242910887264
15701.408202017186
11437.446788597768
32181.251301985965
47980.83620839387
3471.1295599816326
12440.235857505639
31161.562957485377
125.22198180101663
36539.50837709419
10702.139224323118
19686.716999544802
4569.6450973344
22628.713432077522
4741.101365721671
32470.7971441929
38360.31657468684
965.1426931349195
1115.6535108077842
20186.4749728566
9130.165789638213
960.4368054004777
832.6277028391881
26893.62906233082
5292.009276917678
11477.694976882152
481.86205185232154
20200.16657485106
1363.9850549723985
1489.4584056975273
79.04327021849281
1808.7964461181643
606.6943122330771
2801.5741229214877
15256.70504341009
3062.9499410313697
10447.58689729143
2730.397192524798
1709.9910100209568
20819.449865877097
460.43398193623256
17787.59395681314
28362.95407351141
211.344368658818
3195.4332703106015
13354.106054904474
24730.594033896952
11084.35493231449
10232.151439732927
16634.472380780564
1389.6999607968144
181.382676696769
851.8071617380876
1473.974561785306
4260.143887111408
18787.50179546534
28545.88911685112
9286.019134963235
445.4350676575387
32925.80674076358
3167.1216663977957
20209.663796715933
93.96526519466794
820.9543039769673
8735.497575173664
2436.6383042493194
12884.392773633801
1562.757895801178
3042.463552570835
19240.24116449819
385.5077105444727
22189.108270046934
40351.24983758438
1191.6826728238773
327.5778925852715
12137.977225856217
3425.5961714413347
980.2856975147407
27822.98358131486
910.2473029129013
2214.4762805200435
106.50658303635848
39370.206922305704
1152.6642730679907
22523.548177261604
1235.1922536133595
9770.24097339107
19922.337033952237
2272.6831225364112
1984.5908584940505
16525.29460123893
23079.028391532993
12349.377977302447
113.04954103796257
32041.027880184643
41900.18838234597
27007.52537310067
267.93549451469653
17711.40289294665
15420.31558414415
1107.3112226529654
5619.740385766065
16324.73215002084
556.6642308273385
1904.6165553752162
3388.90683371013
345.3135744419941
27046.080200323388
2999.5831624441776
892.6541048190387
614.0797496390614
62332.24656316063
40307.10392253656
4056.9918882997545
2301.982809971226
25587.9350097541
1610.2343585896654
664.5286642121841
5549.690815762473
1460.517675719894
1611.8458442628046
1727.2115525855656
11247.528322565307
2993.5024843728784
2749.7676176316504
6156.289190321115
21924.11109895767
12684.412290365855
892.8934690199151
784.895369370742
2084.0209429304355
6128.91166319953
6928.221753287077
1400.960921988597
6146.533370220503
688.7697527461848
1641.1031669951426
3591.7637808092895
6380.0095775903965
23320.841842169295
7044.467022809377
13242.534679919341
1167.22761702983
5333.339756988321
21673.584590229268
3521.2036560412657
16288.622200950475
1719.4892074020497
9671.1765531698
600.3671844733287
509.70731195725983
1494.996368373396
41284.97120035883
11848.825307775114
1249.232876575531
10582.859208458554
13237.442068309407
13092.60095371231
14964.56372372081
234.52061987780854
19854.12719575264
90.02709795705667
719.2893138292752
9653.217117667373
31433.84901060187
600.3778331403493
12916.591128561797
1760.5922753333923
10729.535125801487
19845.629965346787
46397.77464629602
51966.08449969038
1373.2133760212066
3281.3850091853537
2393.97999519924
27193.752053067252
57126.08008867793
2621.580940920248
27332.051471530405
56433.856355335294
1224.4637572633196
1195.1029655711056
5943.457607175998
403.3760300049256
19065.621105878363
451.10887600555276
2047.7197372715664
2491.3678543458323
650.421745850541
31137.541115434735
745.3702856598427
24155.981120603054
11110.703254889764
352.16042787268816
20271.299438283317
155.07486726246256
9924.418676473071
37896.43489141193
2829.4790336363785
21641.50861549067
6705.428298068096
117.31464537616631
16439.049733901753
2985.842483579069
148.894865213262
9458.931583885207
16522.994096139202
7870.60676800853
32326.54602641395
893.8144014089191
5766.977781808417
9579.689911489279
33651.816243560614
36.650800534278495
9357.274580296
1055.5573476334202
11775.35900241048
801.5882560139963
20225.31322709125
9740.647474498295
139.28827538385616
7941.952456624526
734.1223689516194
1457.7099297820714
12250.674016545821
776.7169389741874
2699.5563756369384
4746.203927392693
19407.232972395665
3485.991857373866
143.82056041104798
560.850255959267
39408.34101781218
1442.3907628266097
29284.216645607085
3324.225627081643
38852.339667029264
142.91191770119906
1620.1533401403517
27957.69803710573
1727.644995890692
3951.9616536671847
10580.024234715447
2291.4531620428957
14166.22276048932
2491.5929812453746
24474.346268148918
1439.7601786642772
25104.370740531936
12637.2128921861
664.6586916750596
14192.506716902673
605.9888084261963
167.75732905759278
2222.0572034176994
15398.058721967778
13089.182744039203
1517.0348684943035
201.69002127514221
156.71088799516104
19841.243432485444
2840.8931784250753
48065.10281801813
1767.697732048111
30678.625352511102
1467.3319863469087
140.55903784011653
143.21300517516121
1888.0099423880756
25354.25932931511
751.7574395670572
33985.4591813362
322.42010864470427
33737.22644280174
22385.0765839763
9434.933240177312
30130.50844878127
27624.572634007414
17588.25971725579
1016.3479418920917
337.31653944953746
12714.384408189402
140.99298977193698
770.0422614380093
1486.4874231097467
1092.2869974855546
19178.264264704725
558.3106561229688
22966.89353447796
462.5644244058203
1029.8479952636208
34339.2273092714
2555.975053475926
9629.700775455889
8749.24751488977
25910.11800526828
31856.410034340617
708.4666989241248
3214.1105541941424
5246.0825619562265
20254.087175578756
3610.9152937704703
20054.643832326772
1814.9414296602042
21340.608401056485
4064.6631768204966
10531.012180101696
73.2805891303964
541.5979470752051
2581.84595978749
1124.0013621835956
10577.529564652592
29774.335630549125
980.8452370771861
1079.875634043291
1581.0813811298717
7252.787624151008
6228.527809836186
27017.179953867995
28605.28247492769
63.94374589833588
1457.2080568264803
1456.8094204294778
254.5822435743824
32315.171654245758
10861.96541767797
4044.6834892178786
33630.43372018662
1856.4394131466643
16616.178370748235
39623.615965018216
26942.518455086887
1309.051700852448
24392.601722201798
26987.95631728268
20988.34501088392
10566.327744037262
6704.894931373227
3456.0095202845346
10019.770021194057
4480.861452141635
31938.978730592444
5310.757630849071
18042.416077607326
460.11489463125264
40273.82225549226
910.5736044085318
13109.023344511726
32965.72366662575
12641.889029472493
29280.847132869294
31993.488541099727
41959.72790689605
733.9351376899563
119.60624671161656
30028.202862914266
1283.088508725693
2436.1729580355845
2518.0612747633522
14319.337355220167
96.12803709913686
425.49067435845666
1641.359161321113
33170.089254975435
23065.60495798393
282.88341412571543
3740.4126323110277
7450.762572958089
25078.54257052029
1868.2715208449797
7973.249653733604
23415.056343872286
18315.242948208197
3385.5828213110203
1396.1950588679208
2663.784362246148
2546.824043088854
118.72779603195708
2475.3614008808368
2550.936717065178
14475.987534640646
896.0275172143498
2217.0249777637587
1540.5939041537779
9446.031944800285
1732.4441838082384
13437.339815756895
8513.97419612609
600.965558301972
38426.06463358238
502.7695915990864
24027.13729161514
187.92116179752549
3992.938373432151
13276.623595321369
33042.80712136089
1385.8137496481877
213.02179909825367
6606.923712496954
961.4852213721587
6582.736745708608
35463.079118618225
20639.524589217628
11549.184189297926
5221.940927404409
6882.3898722727345
487.1318356021697
31116.96662577297
7599.233033631547
40902.65698627001
1190.678599979035
3727.950377809877
111.78351735990684
399.8905089453533
3902.313274442902
2362.8371081624264
1426.333295193496
14252.203733140628
177.73494295133668
10985.552267664041
1039.8103410984327
13067.221902159443
1312.3300970610562
7770.639472997076
34911.03137646321
685.9969220304617
21688.58860274372
2867.345761064093
16415.0835595523
13143.7064577559
743.4889165972813
30133.297207505355
10610.477005089951
7035.228258094742
43610.95934748198
2423.7474383748436
252.34949625298387
63140.064749976154
1822.1775382491073
595.7922690107648
1338.6186618558368
36167.83566424915
2426.9274074623618
10578.769240495796
7538.237448159597
522.9453379588704
31427.478605592056
434.28342717752577
1322.3161077640998
9802.707820716034
23856.99966488596
1735.568454064256
848.0675987919801
20159.232750271934
19466.29638255672
33758.56589231798
668.5965025914179
85.61867253346503
4470.942319503538
851.2621417108976
507.64539800497965
26735.853193570114
28192.30380562085
19199.447661724753
2062.3027939712197
16116.477872228792
1886.112445383856
884.1115942164033
739.2917269863016
4760.142597442281
7525.64245711132
741.9484578026495
10577.400989139043
643.6745012496157
48014.68022748095
13397.432557576596
2730.0060289494772
76543.32746924867
28883.429546176463
7958.724450986554
1151.6357673909215
1196.8572454450218
2159.5643384987698
3635.820853241952
287.3934543615926
402.06253371667054
298.6235032739798
24525.857208672664
14515.66202553058
13836.706964525794
4175.711642857136
4084.6640072266227
6169.611768426258
34454.69104597049
340.4234107710833
278.38982950659005
29178.22672346208
11467.32452543031
9933.728479400637
390.6979445343414
91.73696848618847
722.767455312527
648.141129143632
12777.478191821201
18779.135384811983
7241.358929188375
17701.762448923677
31501.59425196389
5243.784900182606
15946.816286704729
15229.226416543137
11903.207279643715
2444.667431361574
6344.329121471549
19952.99704612788
13677.38209540138
29941.214219071753
1071.6188452709855
9187.834450258426
28957.95305230689
2633.7974417100277
2196.303712823963
12947.889147189055
148.9245766817919
7019.620440774008
2465.856631806298
19482.73816493199
3094.7873711974757
1091.4177287610398
16880.11852948716
15746.587693523565
2587.0549461814835
650.8547573309495
10979.95844042617
13155.282356770442
9444.969877355972
35689.10157865679
14695.621264718957
8958.600086943345
8714.188183382654
53868.34746971221
15646.795620643712
4701.55580536335
21980.844180232038
512.9177147586195
1124.9767718485996
6703.642228060821
957.0511793745194
61029.33092427444
28850.22411210109
45785.057764158744
8929.48507894967
1398.0527805299057
21810.187293769763
19420.54221624613
9563.394464393949
114.17002751834727
86.70725642010677
15900.133270351587
7376.414320032791
14005.158500740796
6093.204730291612
1305.7637771240563
3815.2639848764684
32709.723298441197
2309.985243368386
7000.419055350003
1033.4853465932893
4173.350136980096
22708.10269810506
3472.048201918803
27240.127356461493
6756.329075409412
13999.165367124619
2127.262960062034
7146.749113910383
18455.58494155327
3523.9381341206004
1853.4300147107183
8772.595182934507
22583.52623340524
1734.843219091882
1643.3632713799375
25446.96474442462
1705.8260126588223
3643.986967113385
658.5701722357852
4477.432096406555
465.5917845315732
172.46574138021415
24201.59055821908
8234.413118231954
10819.582598345276
34196.73896137528
36340.236465630005
573.6988517718042
2092.3242757579183
6464.913715148715
960.3412663932709
488.892120265719
3478.187776458301
33433.38678490928
930.9309777042578
1618.3212802632015
49959.11311617906
3151.403902759385
919.7755476082781
18529.335621563285
11620.424808870821
507.4055282603066
22849.092822097162
50790.02295736455
620.7526448166888
2498.0238380960022
16921.92117134232
11173.623425592146
461.8812249177886
26781.923509823195
10369.569261105078
10282.468216210447
1342.4672040280575
2280.3844179841176
1587.299795324179
3464.0580853017223
2569.9279908856006
4487.140873959734
2029.806531189958
206.64343956872582
5921.0875294925145
8831.387977718354
2484.367657076837
735.0778467321942
9772.733690146355
10608.158317745101
990.7422596704985
224.98686870897117
43459.89092274962
4872.199615627857
1159.7492176525611
2808.3673010191287
33797.274864852014
145.69526663761533
31146.112611073142
25464.392861516677
18411.801522271617
2540.6976528532114
1300.531851801377
1312.4221034412435
14542.357326771556
1252.3811163638936
21538.19638279569
2322.1611042576674
34698.74239970479
19166.030509403754
8117.264340012703
24438.829124784468
12974.875028285913
5351.6157980893095
14709.718084339675
21330.173508400057
11238.798288270762
1189.959232170844
8601.039178798033
737.6334930553288
15954.505172019033
17406.081917894266
2047.865541390136
27045.512779658326
1258.1402627698378
509.02168501613
2982.9929061854205
716.8582900770276
425.6267625008863
4687.548039442452
1603.839916854264
1304.7532182571717
2674.9080635943146
1598.0054459009516
9590.494857041096
31015.63578480525
22190.559940083192
2175.958828250572
24407.520540103593
1545.2972602416853
109.08696169853185
2146.323651690724
33920.03567988104
563.1201446378712
23159.27885158436
5285.26696746241
1134.9973674191033
2533.8286036334566
34735.171730517875
1328.2307360625243
672.0331730263206
4079.5494705789743
40826.35076797419
1942.6167345645777
1989.0309173856601
1942.06368441267
22897.75797717737
22626.76024856156
3771.350019702469
28769.822415295777
178.20399841753348
15888.226476542644
1696.9721794257391
29013.721907673895
1577.2667485041034
158.12932120831553
2261.6550632135
1436.414446467555
992.8588413456025
759.1943789867738
4962.032920782925
105.49216685321552
32340.472398744394
1474.9747360591764
1707.4773819315278
1451.1173845877934
2868.044822948119
50571.07855456485
17686.59166053768
2774.9340029670852
193.33751847340469
36379.71451191872
560.5967000710205
23607.539059427643
51786.45314330627
20682.84226021454
361.09163696175364
2808.1972943920723
761.9440370555765
47954.22829056658
59033.118873746855
10594.371573042417
702.5423309963961
12034.923054343702
304.2788988444389
10205.265265636215
8790.090261837364
42638.44319757128
4293.681856697276
3665.496835992169
1294.3403878152787
13582.652881853464
27052.534413131205
13868.460344653042
8250.071417568304
7718.4880577842005
17841.72613804753
923.5325032891915
251.01985992661824
36509.875786203665
53181.82683731222
1782.093321372082
24255.229571036143
739.5970710487242
25863.802719303752
40846.54762880495
935.3267220520369
773.7581954030451
47921.57688726192
9717.525654751658
24868.97572415827
132.21092202751163
1608.0015802036485
34611.45819391168
12676.36412989891
1634.372180238817
3558.9298030345262
43859.893419728505
22201.955254920096
24292.123357695553
927.5345781988573
3109.4553763492254
7429.088966728914
978.8787788745318
1563.1137202803022
3567.7887229043877
37357.2770614202
1905.7929197040107
1808.591666266439
7082.899416339
1033.993083876789
188.0688957258073
28012.264188575227
3294.1929101276355
7287.881724664872
741.8435553378806
581.256981999756
1308.3976817630164
21718.825080841816
26644.809312295733
22371.07595761596
8618.805293147405
5010.198986374708
2514.073722787915
15179.469558501152
18577.867830342006
374.07305647054784
476.6952358289893
761.5685003106719
1313.9612631028572
2253.368750707541
21106.69960364063
1406.888267645268
9697.934172892832
99.65327773130481
10970.275374846187
384.70888457105826
755.7770852994768
8035.908678618383
7551.691250651405
647.0811119061916
62.258210384318446
22369.43320794101
339.1741373033135
610.2570384095322
869.5361564494325
36481.484834100986
28960.820272282446
1500.3518904463251
3223.8029063611657
1294.4821522909365
9875.927147405027
34844.44004914626
9779.968085332848
30773.28907753078
21715.66260361001
18377.111960949813
12744.423311730166
1855.3005971058944
27435.562907974298
14388.504566644231
2700.6037326133346
1860.0134710318284
225.8880282632814
15326.409670584733
494.5373286065624
725.2535267825399
12740.495858994898
8211.79152476209
55286.87995991998
38309.62060131681
9289.259522649982
3447.7363515195434
6745.555495116517
3211.456618275732
10642.902476977657
1103.3881037874007
15592.916441110981
4756.32293504395
796.3576604898274
36099.23139130419
54026.29968453145
8510.520663814075
20534.807028335876
188.12281464550864
19052.025717330576
46033.171701784064
19513.962337359066
1093.5219518515803
2730.9486250416894
917.323442394719
28924.764667171967
1073.0293634241125
9795.343907073222
841.7073104936585
891.7314881244746
742.4556980207079
15270.144693166332
20495.67816276967
98.88631684315658
1601.902300631235
5922.2208808166
1456.2495852478012
22307.753347229118
10839.877331942855
52890.39444699364
239.9722670579953
32873.27251345241
2229.2507551804424
12564.60169885329
3349.210101602968
21899.948378421734
3092.5787423313404
679.9513249740179
1290.0279965337306
26659.564655680166
2127.897582623848
825.5961602821553
8962.944196247545
40577.08538679
44100.01749428663
1515.1109109655704
2222.110174854538
1437.6765960074936
25534.390098612337
1156.7363072263395
1401.3449716766856
1115.149886637438
13321.770518866577
34554.11397071301
43.8034584109631
20985.4000795312
47570.14678835488
384.4972868247575
1386.1436830622033
447.9726443905508
31961.0818147163
129.21018792435106
858.7378662956642
2422.7899543812364
12751.710145308236
469.3710784406724
2294.797079506813
66519.68142416341
21208.46224926605
25161.963689785764
360.5357385279398
15309.353138267745
1868.0566733580733
1635.8270801507522
26264.87087260953
1339.87482740791
15864.052202227938
580.3838663838035
10783.506684670861
13044.084272846303
1702.420876782934
17492.105448544517
7648.503676532147
946.5377853511916
823.6262267393962
8565.267915960749
489.9410107791417
7815.331456752981
21294.756705896034
19463.393955594798
5340.399822073861
5993.2069548468535
60.436576853993344
77.67832353141257
913.7058133952823
1341.5683337372116
707.203515414622
20322.468775952402
1758.0126874770883
4545.25869582962
784.5504101046632
5775.996222408401
309.009502745407
182.88438844072644
2002.780284873292
9109.275492201154
1134.020533717272
2286.7451908515623
6813.34892146977
1974.183876595607
1167.855775209641
33454.85805720433
6515.484020200783
245.2605416815621
1343.768631905568
882.2185878299993
1022.2022634115547
22688.043283744875
295.4638238338241
2401.779381278712
764.207195058329
1510.364877139596
740.4309125625409
27262.11725181222